%YAML:1.0
---
model_type: PINHOLE
camera_name: camera
image_width: 640
image_height: 512
distortion_parameters:
<<<<<<< HEAD
   k1: -1.3508083449623129e-01
   k2: 9.2727834380078616e-02
   p1: -2.0323824111007161e-06
   p2: 2.6175094931305871e-04
projection_parameters:
   fx: 4.4548064415136548e+02
   fy: 4.4615298034311428e+02
   cx: 3.1819340401904532e+02
   cy: 2.5004333891088854e+02
=======
   k1: -1.3552855052565091e-01
   k2: 9.2651127346079859e-02
   p1: 4.9575196423408082e-05
   p2: 4.0314182552170911e-05
projection_parameters:
   fx: 4.4398539241795396e+02
   fy: 4.4421874429906632e+02
   cx: 3.1365767844366627e+02
   cy: 2.5073929009754224e+02
>>>>>>> gpu/master
