%YAML:1.0
---
model_type: PINHOLE
camera_name: camera
image_width: 672
image_height: 376
distortion_parameters:
   k1: -0.17023714784306432
   k2: 0.02592668771465153
   p1: -9.197822034136433e-05
   p2: -0.0001035931254706921
projection_parameters:
   org_width: 672
   org_height: 376
   fx: 350.1765706638826
   fy: 350.15651184123317
   cx: 343.35482546956706
   cy: 185.37074917267694
