%YAML:1.0
---
model_type: PINHOLE
camera_name: camera
image_width: 672
image_height: 376
distortion_parameters:
   k1: -0.1727609932422638
   k2: 0.02625120058655739
   p1: 0.0007728959899395704
   p2: -0.001337160007096827
projection_parameters:
   org_width: 672
   org_height: 376
   fx: 349.20001220703125
   fy: 349.20001220703125
   cx: 347.2875061035156
   cy: 179.94850158691406
