%YAML:1.0
---
model_type: PINHOLE
camera_name: camera
image_width: 672
image_height: 376
distortion_parameters:
   k1: -0.04111257627125431
   k2: 0.0021243617767678553
   p1: 0.00013922907003804686
   p2: 0.0005220457229568508
projection_parameters:
   org_width: 672
   org_height: 376
   fx: 263.5202895716043
   fy: 263.5022186110673
   cx: 343.09681684958355
   cy: 189.17645289304895
