%YAML:1.0
---
model_type: PINHOLE
camera_name: camera
image_width: 672
image_height: 376
distortion_parameters:
   k1: -0.17241909020573998
   k2:  0.026706013488032133
   p1: -0.0003178038503761813
   p2: -0.00018088552188196246
projection_parameters:
   org_width: 672
   org_height: 376
   fx: 350.54422805921683
   fy: 350.51510055363127
   cx: 326.5501754686826
   cy: 182.50944861168932
