%YAML:1.0
---
model_type: PINHOLE
camera_name: camera
image_width: 672
image_height: 376
distortion_parameters:
   k1: -0.169383524858709
   k2: 0.02502433100226021
   p1: -0.00025278027540624124
   p2: -3.1202269995856426e-05
projection_parameters:
   org_width: 672
   org_height: 376
   fx: 350.2079206718149
   fy: 350.25084663722816
   cx: 323.96086137131925
   cy: 187.91369603710714
